    1.1E-06 2.475E-02
    1.2E-06 2.566E-02
    1.3E-06 2.653E-02
    1.4E-06 2.734E-02
    1.5E-06 2.811E-02
    1.6E-06 2.884E-02
    1.7E-06 2.954E-02
    1.8E-06 3.020E-02
      2E-06 3.144E-02
   2.25E-06 3.285E-02
2.49999E-06 3.414E-02
2.74999E-06 3.531E-02
2.99999E-06 3.640E-02
3.24999E-06 3.741E-02
3.49999E-06 3.835E-02
3.74999E-06 3.923E-02
3.99999E-06 4.005E-02
4.49999E-06 4.156E-02
4.99999E-06 4.292E-02
5.49999E-06 4.415E-02
5.99999E-06 4.526E-02
6.49999E-06 4.629E-02
6.99999E-06 4.723E-02
7.99999E-06 4.891E-02
8.99999E-06 5.037E-02
9.99999E-06 5.165E-02
10.9999E-06 5.278E-02
11.9999E-06 5.379E-02
12.9999E-06 5.470E-02
13.9999E-06 5.552E-02
14.9999E-06 5.627E-02
15.9999E-06 5.695E-02
16.9999E-06 5.757E-02
17.9999E-06 5.814E-02
19.9999E-06 5.914E-02
22.4999E-06 6.019E-02
24.9999E-06 6.105E-02
27.4999E-06 6.177E-02
29.9999E-06 6.237E-02
32.4999E-06 6.287E-02
34.9999E-06 6.329E-02
37.4999E-06 6.364E-02
39.9999E-06 6.394E-02
44.9999E-06 6.437E-02
49.9999E-06 6.466E-02
54.9999E-06 6.483E-02
59.9999E-06 6.491E-02
64.9999E-06 6.491E-02
69.9999E-06 6.486E-02
79.9999E-06 6.462E-02
89.9999E-06 6.427E-02
99.9999E-06 6.383E-02
    110E-06 6.333E-02
    120E-06 6.280E-02
    130E-06 6.225E-02
139.999E-06 6.168E-02
149.999E-06 6.110E-02
159.999E-06 6.053E-02
169.999E-06 5.995E-02
179.999E-06 5.938E-02
199.999E-06 5.825E-02
224.999E-06 5.689E-02
249.999E-06 5.559E-02
274.999E-06 5.435E-02
299.999E-06 5.317E-02
324.999E-06 5.205E-02
349.999E-06 5.099E-02
374.999E-06 4.997E-02
399.999E-06 4.900E-02
449.999E-06 4.720E-02
499.999E-06 4.556E-02
549.999E-06 4.405E-02
599.999E-06 4.266E-02
649.999E-06 4.138E-02
699.999E-06 4.019E-02
799.999E-06 3.804E-02
899.999E-06 3.617E-02
999.999E-06 3.450E-02
   1.10E-03 3.301E-02
   1.20E-03 3.167E-02
   1.30E-03 3.046E-02
   1.40E-03 2.935E-02
   1.50E-03 2.834E-02
   1.60E-03 2.741E-02
   1.70E-03 2.655E-02
   1.80E-03 2.575E-02
   2.00E-03 2.431E-02
   2.25E-03 2.276E-02
   2.50E-03 2.143E-02
   2.75E-03 2.026E-02
   3.00E-03 1.924E-02
   3.25E-03 1.833E-02
   3.50E-03 1.751E-02
   3.75E-03 1.678E-02
   4.00E-03 1.611E-02
   4.50E-03 1.495E-02
   5.00E-03 1.396E-02
   5.50E-03 1.311E-02
   6.00E-03 1.237E-02
   6.50E-03 1.172E-02
   7.00E-03 1.114E-02
   8.00E-03 1.016E-02
   9.00E-03 9.361E-03
  10.00E-03 8.688E-03
  11.00E-03 8.116E-03
  12.00E-03 7.622E-03
  13.00E-03 7.191E-03
  14.00E-03 6.812E-03
  15.00E-03 6.474E-03
  16.00E-03 6.172E-03
  17.00E-03 5.899E-03
  18.00E-03 5.652E-03
  20.00E-03 5.221E-03
  22.50E-03 4.775E-03
  25.00E-03 4.405E-03
  27.50E-03 4.093E-03
  30.00E-03 3.827E-03
  32.50E-03 3.595E-03
  35.00E-03 3.393E-03
  37.50E-03 3.214E-03
  40.00E-03 3.054E-03
  45.00E-03 2.782E-03
  50.00E-03 2.558E-03
  55.00E-03 2.370E-03
  60.00E-03 2.210E-03
  65.00E-03 2.072E-03
  70.00E-03 1.951E-03
  80.00E-03 1.750E-03
  90.00E-03 1.589E-03
 100.00E-03 1.457E-03
 110.00E-03 1.347E-03
 120.00E-03 1.253E-03
 130.00E-03 1.173E-03
 140.00E-03 1.103E-03
 150.00E-03 1.041E-03
 160.00E-03 9.863E-04
 170.00E-03 9.374E-04
 180.00E-03 8.935E-04
 200.00E-03 8.177E-04
 225.00E-03 7.403E-04
 250.00E-03 6.770E-04
 275.00E-03 6.244E-04
 300.00E-03 5.798E-04
 325.00E-03 5.415E-04
 350.00E-03 5.082E-04
 375.00E-03 4.791E-04
 400.00E-03 4.533E-04
 450.00E-03 4.096E-04
 500.00E-03 3.740E-04
 550.00E-03 3.445E-04
 600.00E-03 3.195E-04
 650.00E-03 2.980E-04
 700.00E-03 2.795E-04
 800.00E-03 2.488E-04
 900.00E-03 2.245E-04
   1.00E+00 2.047E-04
   1.10E+00 1.883E-04
   1.20E+00 1.745E-04
   1.30E+00 1.626E-04
   1.40E+00 1.524E-04
   1.50E+00 1.434E-04
   1.60E+00 1.354E-04
   1.70E+00 1.284E-04
   1.80E+00 1.221E-04
   2.00E+00 1.112E-04
   2.25E+00 1.002E-04
   2.50E+00 9.123E-05
   2.75E+00 8.382E-05
   3.00E+00 7.757E-05
   3.25E+00 7.223E-05
   3.50E+00 6.761E-05
   3.75E+00 6.357E-05
   4.00E+00 6.001E-05
   4.50E+00 5.401E-05
   5.00E+00 4.914E-05
   5.50E+00 4.511E-05
   6.00E+00 4.172E-05
   6.50E+00 3.883E-05
   7.00E+00 3.632E-05
   8.00E+00 3.221E-05
   9.00E+00 2.896E-05
  10.00E+00 2.633E-05
